$ANSIBLE_VAULT;1.1;AES256
39353466643562653362653530633363383064383339613636653666386263326161383266353738
3132393732663361356636623263353830303439336633360a663136633562323639393737396231
63613262653865363238653562323730623865383533623665343362303734393263663432363232
3134656131356133390a323935623262636633633537336161313932336166303331353962656665
65623830643534366532333031356531616466343934343361343966643130356563646531616635
38313564633561363036326365646364666239653562636566383433653733663063623334323839
32636639313836326464636339303133666566663465626463663562323033326434383538663832
36303539653161396563613463306333343964323439663564633939663038386136333263623266
37646537313535336161653464656234356630383135663433396534656363373834313061396431
66326237663463613365383836363239666232643938643636343635376431663061376336353165
36303463653366633334663463336237343336313666383935303665303331323463313762373261
62336661393164636535623333626533643033356165633631623130383339626632323733323939
36393764646431616630353464613331376231663737303437633061353662306136346338633763
66613836366261653230363430653830333331646434316337333832336531303631376461376263
63373734346361643038613339613962666136336361316130633561383439663165616434393039
30643734643530656633323761393933373562386139613963633062643532323030616466623839
61373138336136633138333866353735323431666531653337653334366465303464386339636262
33663339313535633965326237326562323761336336663138353035663432353161616534663432
63393633396134376235383234623233323239313765386532363130623633623261326666343138
36346365313331613235633864313762383937313138386332646461663363393638656632376366
62373331336435346631336438323565353632393039343432393530646537623561623734613865
39373765353930626637383834353364343862626630376366323936653765666562313333633265
63346235303830323337366332633931363632336561366530666334306238653261313964333033
34373466393430383865643034666262636535646266636365373338303136316233666264393733
65623261613230313663646131373735643531663733353836613235656634303466
